-1.01606
-1.43725
-1.66842
-1.82479
-1.94306
-2.04149
-2.10855
-2.16288
-2.20447
-2.23899
-2.27104
-2.29126
-2.31348
-2.32873
-2.33362
-2.34552
-2.35102
-2.35526
-2.36109
-2.3653
-2.35901
-2.358
-2.36208
-2.36494
-2.35933
-2.35482
-2.34591
-2.34283
-2.33475
-2.33198
-2.32447
-2.31198
-2.30673
-2.30102
-2.30258
-2.29252
-2.28832
-2.27894
-2.27142
-2.26808
-2.25981
-2.26128
-2.25796
-2.25663
-2.25492
-2.25314
-2.24589
-2.25076
-2.2412
-2.2372
-2.24309
-2.24022
-2.24008
-2.23506
-2.23116
-2.23377
-2.23326
-2.22824
-2.23135
-2.22888
-2.22905
-2.23509
-2.24013
-2.23657
-2.24449
-2.2514
-2.27345
-2.28587
-2.29726
-2.3122
-2.32329
-2.33786
-2.34963
-2.36171
-2.36986
-2.38361
-2.39317
-2.39896
-2.40358
-2.41077
-2.41918
-2.42575
-2.42799
-2.43306
-2.43991
-2.44527
-2.4501
-2.45111
-2.45636
-2.45874
-2.46123
-2.46307
-2.46631
-2.46715
-2.47067
-2.47066
-2.47244
-2.47373
-2.47496
-2.47383
-2.47389
-2.47405
-2.47405
-2.47476
-2.47373
-2.47398
-2.47321
-2.47107
-2.46936
-2.46777
-2.46594
-2.46437
-2.46254
-2.45914
-2.45651
-2.45491
-2.45177
-2.44621
-2.44327
-2.43955
-2.4321
-2.42641
-2.42218
-2.41629
-2.40997
-2.40244
-2.39536
-2.38893
-2.37772
-2.37351
-2.36109
-2.35489
-2.34068
-2.32988
-2.31857
-2.30612
-2.30953
-2.30638
-2.29814
-2.30089
-2.29949
-2.29959
-2.30122
-2.30501
-2.29978
-2.29891
-2.29947
-2.29949
-2.301
-2.29898
-2.30112
-2.30417
-2.29724
-2.30197
-2.29642
-2.30057
-2.29703
-2.30428
-2.30248
-2.29874
-2.30246
-2.30226
-2.30426
-2.30072
-2.30194
-2.29779
-2.29985
-2.30299
-2.30409
-2.30171
-2.29912
-2.2986
-2.29637
-2.29697
-2.29677
-2.29369
-2.29382
-2.29805
-2.29781
-2.29984
-2.30158
-2.30151
-2.29883
-2.29985
-2.3022
-2.30252
-2.3019
-2.30417
-2.30786
-2.30386
-2.30402
-2.30063
-2.30434
-2.31181
-2.32456
-2.32937
-2.33451
-2.33748
-2.34317
-2.35194
-2.35345
-2.35726
-2.35904
-2.35859
-2.36055
-2.36208
-2.35875
-2.35987
-2.35635
-2.35356
-2.35641
-2.35908
-2.35618
-2.36223
-2.35876
-2.35782
-2.3539
-2.3553
-2.3614
-2.3606
-2.36244
-2.35886
-2.36114
-2.36239
-2.3726
-2.37502
-2.37347
-2.36933
-2.37398
-2.37319
-2.37514
-2.37769
-2.37817
-2.37518
-2.37584
-2.38038
-2.38651
-2.39241
-2.4004
-2.41063
-2.41851
-2.42401
-2.42997
-2.43454
-2.44195
-2.44673
-2.4506
-2.45357
-2.45692
-2.46203
-2.46425
-2.4683
-2.47081
-2.47254
-2.47522
-2.4782
-2.48004
-2.48203
-2.48316
-2.4858
-2.48542
-2.48637
-2.48756
-2.48821
-2.4889
-2.4894
-2.49002
-2.49034
-2.49059
-2.49114
-2.49135
-2.49151
-2.49132
-2.49168
-2.49171
-2.49171
-2.49174
-2.49187
-2.49187
-2.49181
-2.49184
-2.49187
-2.49187
-2.49187
-2.49187
-2.49187
-2.49187
-2.49187
-2.49187
-2.49187
-2.49187
-2.49187
-2.49187
-2.49187
-2.49187
-2.49187
-2.49187
-2.49187
-2.49187
-2.49187
-2.49187
-2.49187
-2.49187
-2.49187
-2.49187
-2.49187
-2.49187
-2.49187
-2.49187
-2.49187
-2.49187
-2.49187
-2.49187
-2.49187
-2.49187
-2.49187
-2.49187
-2.49187
-2.49187
-2.49187
-2.49187
-2.49187
-2.49187
-2.49187
-2.49187
-2.49187
-2.49187
-2.49187
-2.49187
-2.49187
-2.49187
-2.49184
-2.49187
-2.49187
-2.49184
-2.49187
-2.49181
-2.49181
-2.49181
-2.49174
-2.49164
-2.49148
-2.49125
-2.49132
-2.49119
-2.49076
-2.4907
-2.49011
-2.48964
-2.48899
-2.48894
-2.48746
-2.48598
-2.48544
-2.48413
-2.48474
-2.48306
-2.48118
-2.47912
-2.47649
-2.47556
-2.47299
-2.47069
-2.46715
-2.46404
-2.46189
-2.45844
-2.45415
-2.44732
-2.44439
-2.44026
-2.43565
-2.43027
-2.42567
-2.41421
-2.40893
-2.40038
-2.39333
-2.3852
-2.37515
-2.36882
-2.35673
-2.34006
-2.3378
-2.32185
-2.3114
-2.29771
-2.28176
-2.27166
-2.25797
-2.23623
-2.22336
-2.20349
-2.18642
-2.1738
-2.15482
-2.13467
-2.10675
-2.09493
-2.08143
-2.07696
-2.07128
-2.06996
-2.05959
-2.06327
-2.05078
-2.05109
-2.05679
-2.06178
-2.05744
-2.06641
-2.06624
-2.05665
-2.05158
-2.05749
-2.06388
-2.05392
-2.06007
-2.06298
-2.06297
-2.05823
-2.05625
-2.06279
-2.06376
-2.06549
-2.06409
-2.06718
-2.0595
-2.05695
-2.05764
-2.05872
-2.05447
-2.06106
-2.05586
-2.0606
-2.06239
-2.06182
-2.06038
-2.05412
-2.06154
-2.05826
-2.05686
-2.05589
-2.05868
-2.05957
-2.06035
-2.06552
-2.0654
-2.05847
-2.06445
-2.06193
-2.0655
-2.06614
-2.05876
-2.06021
-2.05823
-2.07258
-2.06675
-2.05853
-2.05298
-2.05523
-2.06265
-2.06417
-2.06648
-2.06216
-2.06909
-2.06462
-2.05907
-2.05689
-2.05887
-2.06236
-2.06459
-2.05715
-2.05555
-2.06385
-2.06293
-2.06041
-2.06304
-2.05666
-2.05416
-2.06422
-2.05429
-2.06345
-2.05805
-2.06508
-2.06367
-2.05263
-2.04784
-2.04822
-2.04456
-2.04641
-2.04646
-2.03531
-2.02255
-2.00546
-1.97755
-1.94059
-1.91221
-1.89637
-1.86696
-1.82413
-1.80629
-1.76662
-1.72696
-1.70814
-1.67386
-1.6389
-1.60678
-1.57234
-1.54535
-1.51353
-1.48079
-1.45827
-1.42167
-1.38202
-1.35413
-1.33011
-1.29504
-1.26953
-1.24412
-1.22796
-1.20526
-1.18483
-1.15875
-1.13988
-1.13027
-1.11182
-1.09043
-1.07664
-1.05995
-1.04899
-1.03828
-1.02312
-1.01905
-1.00413
-0.998564
-0.988157
-0.974716
-0.962347
-0.954103
-0.9449
-0.941155
-0.930009
-0.923294
-0.922028
-0.904189
-0.907817
-0.894021
-0.893474
-0.879352
-0.877317
-0.872237
-0.867411
-0.864536
-0.857084
-0.862872
-0.855584
-0.858557
-0.851937
-0.855823
-0.852911
-0.853112
-0.856862
-0.861629
-0.856439
-0.858985
-0.863253
-0.869622
-0.866497
-0.883256
-0.894542
-0.898884
-0.905946
-0.909745
-0.916571
-0.928143
-0.927306
-0.945427
-0.949638
-0.956992
-0.958172
-0.964624
-0.987355
-0.991739
-0.99282
-1.00845
-1.01824
-1.03083
-1.03897
-1.05018
-1.05962
-1.07867
-1.06956
-1.06723
-1.07091
-1.06772
-1.06933
-1.06233
-1.0698
-1.0533
-1.04958
-1.04291
-1.02978
-1.01794
-1.00772
-0.998762
-0.992078
-0.98111
-0.969633
-0.969892
-0.960089
-0.953615
-0.965611
-0.966097
-0.962673
-0.967487
-0.964989
-0.968226
-0.970262
-0.970706
-0.9797
-0.975857
-0.96992
-0.982067
-0.974514
-0.982006
-0.978939
-0.981792
-0.982311
-0.977154
-0.984432
-0.982601
-0.985302
-0.989986
-1.00193
-1.00274
-1.01089
-1.02131
-1.03093
-1.04066
-1.04435
-1.06462
-1.07022
-1.08262
-1.08847
-1.10194
-1.11682
-1.12306
-1.13629
-1.14793
-1.16023
-1.17814
-1.18829
-1.19761
-1.21519
-1.22866
-1.25306
-1.26754
-1.2834
-1.29573
-1.32107
-1.33059
-1.35084
-1.3684
-1.39012
-1.4087
-1.43014
-1.45069
-1.46855
-1.4965
-1.52209
-1.54924
-1.57351
-1.59301
-1.61686
-1.64468
-1.67239
-1.6983
-1.7198
-1.73977
-1.76762
-1.78628
-1.80995
-1.82957
-1.85048
-1.873
-1.89456
-1.91159
-1.93287
-1.94722
-1.95716
-1.97291
-1.98985
-1.99986
-2.01519
-2.02862
-2.03552
-2.04797
-2.05738
-2.06364
-2.0742
-2.07907
-2.0888
-2.09585
-2.10302
-2.10673
-2.11486
-2.11995
-2.12509
-2.12991
-2.13328
-2.13745
-2.13922
-2.14312
-2.14679
-2.14947
-2.15281
-2.15561
-2.15834
-2.16015
-2.16186
-2.16412
-2.16578
-2.16722
-2.16912
-2.17022
-2.1719
-2.17344
-2.17498
-2.17627
-2.17752
-2.17819
-2.17932
-2.18037
-2.18138
-2.18235
-2.18318
-2.18408
-2.18501
-2.18562
-2.18643
-2.18705
-2.18771
-2.18826
-2.18893
-2.18943
-2.18997
-2.19059
-2.1912
-2.1916
-2.19201
-2.19244
-2.19281
-2.19329
-2.19378
-2.1943
-2.19477
-2.19508
-2.19555
-2.1959
-2.19627
-2.19673
-2.19712
-2.19744
-2.19793
-2.19827
-2.19854
-2.19876
-2.1992
-2.19946
-2.1997
-2.19996
-2.20025
-2.20063
-2.20086
-2.20117
-2.20143
-2.20167
-2.2019
-2.20216
-2.20256
-2.20312
-2.20343
-2.20359
-2.20384
-2.20416
-2.20431
-2.20465
-2.20492
-2.2051
-2.20539
-2.20564
-2.20591
-2.20617
-2.20636
-2.20663
-2.20689
-2.20721
-2.20735
-2.20756
-2.20785
-2.20806
-2.20839
-2.20868
-2.2089
-2.20913
-2.20936
-2.20962
-2.20976
-2.21002
-2.21031
-2.21055
-2.21069
-2.21084
-2.21107
-2.21121
-2.21145
-2.21162
-2.21182
-2.21193
-2.21206
-2.21225
-2.21238
-2.21254
-2.21263
-2.21281
-2.21295
-2.21309
-2.21327
-2.21344
-2.21359
-2.21385
-2.21399
-2.2142
-2.21438
-2.21466
-2.21481
-2.21496
-2.21511
-2.21518
-2.21536
-2.21554
-2.21572
-2.21583
-2.21597
-2.21611
-2.21621
-2.2163
-2.21637
-2.21652
-2.21661
-2.21669
-2.21679
-2.2169
-2.21699
-2.21708
-2.21725
-2.2173
-2.21742
-2.21754
-2.21759
-2.21765
-2.21769
-2.2178
-2.21791
-2.21803
-2.21818
-2.21832
-2.21844
-2.21852
-2.21865
-2.21882
-2.21891
-2.21897
-2.21908
-2.2192
-2.21928
-2.21943
-2.21955
-2.21968
-2.21983
-2.21997
-2.22006
-2.22015
-2.22024
-2.22032
-2.22052
-2.22061
-2.22071
-2.2209
-2.22108
-2.22128
-2.22143
-2.22155
-2.22171
-2.22186
-2.22192
-2.22201
-2.22209
-2.22215
-2.22227
-2.22236
-2.22245
-2.22253
-2.22258
-2.2227
-2.22276
-2.22284
-2.22296
-2.22303
-2.22314
-2.22317
-2.22325
-2.22331
-2.22338
-2.22346
-2.22357
-2.22366
-2.22377
-2.22381
-2.2239
-2.22406
-2.22421
-2.22427
-2.22438
-2.22448
-2.22453
-2.22457
-2.22468
-2.22474
-2.22479
-2.2249
-2.22491
