-0.307922
-0.546753
-0.702179
-0.798553
-0.861542
-0.895203
-0.922089
-0.938446
-0.951599
-0.955872
-0.95752
-0.957336
-0.960663
-0.96048
-0.959503
-0.962921
-0.961578
-0.960388
-0.963501
-0.964996
-0.960175
-0.96225
-0.961121
-0.962128
-0.959259
-0.962555
-0.964355
-0.962799
-0.964264
-0.963776
-0.961609
-0.962219
-0.962067
-0.960785
-0.960907
-0.961029
-0.963531
-0.959167
-0.958862
-0.962097
-0.962555
-0.962463
-0.960388
-0.960571
-0.959991
-0.960449
-0.961975
-0.958923
-0.958618
-0.95575
-0.951477
-0.948395
-0.945038
-0.942352
-0.944885
-0.93689
-0.930939
-0.932617
-0.92627
-0.92334
-0.920959
-0.919983
-0.918396
-0.916443
-0.92038
-0.92041
-0.921783
-0.919495
-0.918365
-0.913544
-0.912598
-0.919952
-0.912628
-0.903809
-0.905182
-0.909515
-0.907776
-0.904877
-0.906769
-0.904602
-0.905884
-0.910767
-0.908661
-0.913391
-0.90564
-0.912903
-0.903503
-0.906647
-0.905243
-0.908386
-0.911041
-0.914612
-0.913696
-0.911133
-0.905457
-0.910614
-0.917572
-0.914185
-0.909698
-0.906372
-0.909332
-0.91452
-0.913849
-0.909119
-0.913605
-0.912109
-0.907013
-0.912537
-0.908447
-0.913361
-0.912231
-0.911621
-0.909882
-0.905762
-0.907013
-0.906616
-0.913025
-0.911407
-0.914032
-0.913513
-0.905701
-0.903961
-0.91272
-0.907227
-0.911438
-0.913818
-0.911865
-0.913849
-0.915558
-0.91153
-0.905304
-0.910034
-0.913025
-0.908813
-0.90744
-0.910339
-0.908447
-0.902863
-0.912872
-0.915894
-0.906067
-0.905121
-0.901184
-0.905334
-0.906036
-0.901611
-0.903839
-0.894684
-0.885651
-0.872864
-0.854492
-0.837372
-0.813812
-0.786194
-0.75058
-0.695129
-0.621796
-0.537689
-0.432007
-0.31604
-0.138306
0.044281
0.224121
0.392639
0.535736
0.61377
0.695831
0.755554
0.792084
0.814301
0.814362
0.822968
0.827881
0.819336
0.817657
0.831909
0.830475
0.834656
0.844391
0.847717
0.851501
0.859802
0.859039
0.869049
0.87735
0.870667
0.888031
0.891205
0.895233
0.889771
0.891632
0.893402
0.889252
0.895355
0.891541
0.89267
0.897064
0.90036
0.894897
0.899445
0.903625
0.899963
0.895813
0.903961
0.896362
0.895355
0.896515
0.900848
0.902405
0.899048
0.902161
0.90033
0.90387
0.90506
0.904175
0.90451
0.909363
0.902557
0.90451
0.902344
0.898865
0.905426
0.905975
0.905029
0.909912
0.907715
0.90979
0.907043
0.909515
0.910706
0.902344
0.900909
0.901123
0.906097
0.908356
0.905762
0.903229
0.903259
0.908051
0.912567
0.912628
0.91391
0.91156
0.907806
0.906036
0.903778
0.905029
0.908264
0.905487
0.90921
0.900909
0.911194
0.91275
0.914185
0.909607
0.912903
0.908081
0.903259
0.905853
0.903198
0.90506
0.906616
0.913666
0.907043
0.909088
0.912231
0.907043
0.906952
0.907471
0.908112
0.909088
0.908173
0.910065
0.908081
0.911957
0.91217
0.91391
0.910126
0.914185
0.911835
0.914337
0.910278
0.912323
0.909363
0.909454
0.903595
0.903656
0.905365
0.912964
0.90802
0.9021
0.909027
0.910919
0.907684
0.910614
0.909363
0.912109
0.911224
0.90802
0.907166
0.910645
0.904633
0.906677
0.906586
0.902954
0.910278
0.907257
0.90918
0.916229
0.911102
0.913177
0.91217
0.91275
0.905273
0.906342
0.913483
0.908966
0.912811
0.910675
0.90921
0.908813
0.905701
0.903259
0.904602
0.906464
0.907318
0.900787
0.901398
0.903534
0.909424
0.911743
0.90744
0.910004
0.908875
0.911194
0.908142
0.906342
0.909424
0.913391
0.904449
0.908691
0.907959
0.910522
0.907562
0.907501
0.90802
0.906067
0.906677
0.910034
0.913483
0.915375
0.91272
0.906647
0.909241
0.907532
0.903412
0.90683
0.908936
0.907349
0.905914
0.905518
0.904938
0.907562
0.909943
0.908478
0.904236
0.90979
0.906464
0.91156
0.910553
0.911316
0.908844
0.905579
0.910217
0.912292
0.911041
0.909851
0.911072
0.90451
0.908478
0.914886
0.909424
0.911377
0.910767
0.907867
0.909149
0.911591
0.913513
0.914917
0.914551
0.907745
0.908417
0.908203
0.91095
0.90683
0.90741
0.907745
0.905487
0.90683
0.90744
0.911835
0.910797
0.909637
0.910736
0.911163
0.90863
0.913361
0.91275
0.907379
0.906097
0.903534
0.907257
0.90799
0.906494
0.910767
0.904327
0.913147
0.909973
0.910645
0.906372
0.900909
0.90213
0.89975
0.900482
0.905396
0.904999
0.900299
0.902985
0.901062
0.905548
0.906616
0.907074
0.910858
0.911957
0.905823
0.904877
0.91037
0.911713
0.907196
0.906097
0.900085
0.902039
0.906555
0.909607
0.905731
0.901337
0.909027
0.91217
0.910309
0.907318
0.904785
0.908997
0.909882
0.908539
0.907745
0.903748
0.906952
0.914612
0.909821
0.907501
0.910797
0.904877
0.910919
0.915283
0.911926
0.914886
0.911407
0.906677
0.903595
0.90683
0.904388
0.906891
0.909912
0.912933
0.909821
0.907593
0.911682
0.912598
0.909424
0.913086
0.907166
0.904877
0.905212
0.90802
0.909454
0.905884
0.910187
0.912476
0.914215
0.912781
0.909637
0.909363
0.911774
0.911316
0.906464
0.907898
0.909668
0.901428
0.901917
0.900085
0.901886
0.9086
0.91095
0.910736
0.913452
0.911163
0.915222
0.908966
0.909912
0.910675
0.910675
0.905212
0.908691
0.91391
0.906464
0.907959
0.910126
0.910187
0.912109
0.911652
0.906952
0.909515
0.905914
0.906281
0.907043
0.905182
0.906372
0.907227
0.911469
0.91098
0.906403
0.904938
0.914093
0.904938
0.908569
0.910919
0.907349
0.903503
0.910095
0.902313
0.909576
0.912048
0.910522
0.912354
0.908661
0.90863
0.909943
0.912201
0.906342
0.90509
0.907074
0.900726
0.89975
0.907104
0.909821
0.911194
0.910004
0.90918
0.912323
0.915436
0.908905
0.909607
0.90744
0.909149
0.908478
0.908173
0.912384
0.914337
0.912598
0.909027
0.907776
0.907349
0.910126
0.907104
0.909241
0.904938
0.908264
0.913696
0.91153
0.903412
0.90451
0.900024
0.905212
0.901733
0.902954
0.909058
0.90686
0.903076
0.901001
0.908539
0.909515
0.904999
0.911438
0.909668
0.908844
0.911224
0.906189
0.910461
0.908325
0.910339
0.911072
0.909363
0.90918
0.90564
0.90567
0.910675
0.904938
0.909454
0.911987
0.903809
0.90387
0.903107
0.911011
0.907745
0.910583
0.912323
0.910309
0.909851
0.907837
0.908875
0.910675
0.916077
0.917755
0.911133
0.910522
0.905273
0.904388
0.902527
0.905243
0.904938
0.908447
0.90863
0.910339
0.91153
0.914795
0.915924
0.910797
0.913239
0.912964
0.911987
0.908875
0.905792
0.908295
0.90744
0.911285
0.906372
0.911194
0.907257
0.913239
0.909515
0.910309
0.909393
0.902405
0.90802
0.910767
0.912933
0.909729
0.909821
0.911438
0.911774
0.90979
0.908936
0.904083
0.90863
0.909424
0.908691
0.909637
0.910248
0.912048
0.913605
0.906555
0.909454
0.906647
0.905212
0.906952
0.912781
0.911774
0.90976
0.904236
0.904724
0.903595
0.905914
0.902435
0.904816
0.90564
0.899719
0.899628
0.905029
0.909485
0.909027
0.911743
0.90625
0.910004
0.909454
0.910797
0.90683
0.905579
0.913025
0.909698
0.910248
0.90686
0.906616
0.905151
0.913391
0.910614
0.910797
0.906799
0.910889
0.908997
0.90741
0.904541
0.904266
0.90567
0.9039
0.907196
0.903168
0.905792
0.907074
0.906097
0.908142
0.914276
0.912537
0.918182
0.909729
0.904572
0.90387
0.906921
0.910736
0.913422
0.910797
0.904114
0.911865
0.909027
0.909912
0.910248
0.908936
0.914856
0.914703
0.909637
0.915131
0.912628
0.910431
0.907806
0.904297
0.906036
0.90686
0.897766
0.898102
0.903961
0.897247
0.898193
0.900635
0.911743
0.908813
0.909821
0.913696
0.910431
0.903778
0.905823
0.906006
0.905426
0.912933
0.910339
0.91449
0.91449
0.910889
0.902893
0.901611
0.904358
0.909821
0.904175
0.90564
0.908173
0.907104
0.906097
0.908234
0.904846
0.910828
0.910156
0.906952
0.911011
0.909302
0.911163
0.907898
0.911255
0.907532
0.910461
0.910553
0.908997
0.901398
0.907959
0.906372
0.908234
0.90799
0.91217
0.910065
0.912567
0.913544
0.912994
0.905823
0.905853
0.907928
0.908997
0.909241
0.906464
0.906464
0.906616
0.907623
0.908661
0.903931
0.907043
0.907898
0.914764
0.915466
0.910767
0.908691
0.913757
0.912628
0.908661
0.905945
0.908569
0.904907
0.903839
0.905029
0.908539
0.910614
0.905273
0.904968
0.909729
0.910522
0.906158
0.905151
0.908569
0.906586
0.906281
0.900757
0.908386
0.902679
0.904846
0.905212
0.911346
0.908325
0.901672
0.905914
0.90506
0.906647
0.904816
0.908966
0.909485
0.90741
0.904663
0.903656
0.90509
0.902863
0.900879
0.908173
0.91037
0.909668
0.909119
0.910706
0.909943
0.913361
0.908752
0.91095
0.909576
0.912018
0.910309
0.913605
0.903351
0.905304
0.911377
0.914154
0.911987
0.909241
0.905731
0.907257
0.905853
0.905457
0.911133
0.90921
0.910522
0.909821
0.909393
0.910004
0.90799
0.908234
0.912994
0.90976
0.908142
0.90799
0.913605
0.908234
0.906738
0.906647
0.909546
0.908752
0.912048
0.913574
0.915222
0.907379
0.907898
0.911865
0.910614
0.914764
0.913086
0.905853
0.905121
0.906799
0.909943
0.908051
0.912567
0.906128
0.910278
0.907104
0.907562
0.910889
0.908783
0.913116
0.910461
0.913635
0.913971
0.919678
0.90863
0.911102
0.911255
0.908112
0.906494
0.907898
0.906372
0.907074
0.906921
0.904236
0.908813
0.907806
0.909576
0.909546
0.911194
0.908722
0.911469
0.907227
0.913666
0.911591
0.904205
0.905762
0.910126
0.913239
0.912872
0.912231
0.915131
0.915131
0.907837
0.907928
0.910583
0.915527
0.912476
0.910828
0.90979
0.909241
0.908447
0.912781
0.910187
0.906128
0.904541
0.90332
0.901489
0.910034
0.909393
0.909088
0.907379
0.906708
0.906464
0.908447
0.904785
0.91037
0.905121
0.90863
0.906281
0.904938
0.906891
0.911011
0.908936
0.913483
0.909973
0.911102
0.909454
0.908234
0.911499
0.911102
0.91153
0.911896
0.913116
0.91687
0.913605
0.909973
0.907013
0.908264
0.904175
0.904694
0.903534
0.907318
0.904816
0.906403
0.90744
0.903992
0.903015
0.90741
0.910858
0.906982
0.910675
0.91156
0.907867
0.906891
0.912964
0.903931
0.910187
0.909637
0.906372
0.90979
0.910706
0.911926
0.907288
0.911865
0.910797
0.911713
0.911011
0.909241
0.907257
0.90686
0.903107
0.908997
0.908417
0.913879
0.908508
0.911743
0.909546
0.909668
0.909393
0.909973
0.909454
0.908264
0.910034
0.911072
0.904419
0.904694
0.91098
0.911163
0.90744
0.908539
0.908447
0.906067
0.918365
0.911224
0.911072
0.909668
0.907654
0.909302
0.912598
0.911987
0.911835
0.908386
0.907806
0.908295
0.907532
0.905212
0.907928
0.906525
0.909149
0.910492
0.906464
0.903381
0.905334
0.903687
0.910034
0.911224
0.912445
0.90564
0.903534
0.910614
0.906189
0.909271
0.908203
0.905853
0.90918
0.909088
0.905853
0.908875
0.911621
0.90918
0.909241
0.906677
0.908691
0.905396
0.91037
0.909607
0.913574
0.907318
0.908325
0.904694
0.907501
0.909943
0.907318
0.909241
0.910553
0.905182
0.905457
0.906219
0.908325
0.90918
0.907898
0.909088
0.912506
0.911255
0.91275
0.913635
0.909576
0.906403
0.913208
0.909027
0.905609
0.904144
0.908875
0.908752
0.904572
0.908386
0.902435
0.902618
0.903809
0.906158
0.905273
0.906097
0.907715
0.909271
0.905823
0.902161
0.904083
0.905884
0.911011
0.910553
0.907318
0.907806
0.907959
0.906525
0.903564
0.906677
0.911194
0.911011
0.91037
0.903229
0.910583
0.912354
0.905914
0.916138
0.913422
0.908142
0.90976
0.905731
0.909668
0.910553
0.903687
0.902161
0.901855
0.907166
0.903015
0.905457
0.90332
0.90152
0.906464
0.907654
0.907684
0.908417
0.906525
0.910675
0.910461
0.910065
0.910095
0.914185
0.908142
0.912476
0.914215
0.915405
0.90567
0.906006
0.906799
0.913971
0.912903
0.912964
0.914886
0.915619
0.913818
0.913879
0.908264
0.907837
0.911743
0.908508
0.9151
0.909485
0.910645
