4 0.938399 0.00580258
3 0.884302 0.0119481
2 0.772147 0.0157607
1.5 0.594772 0.0450093
1 0.383431 0.0483958
0.75 0.265006 0.0481434
0.5 0.156828 0.0623906
0.45 0.138715 0.0662046
0.4 0.11963 0.0776851
0.35 0.101853 0.0853517
0.3 0.0856215 0.112159
0.25 0.0696432 0.12176
0.2 0.0532284 0.154616
0.15 0.0393351 0.215341
0.1 0.0252624 0.319522
0 0 0
-0.1 -0.0252624 0.319522
-0.15 -0.0393351 0.215341
-0.2 -0.0532284 0.154616
-0.25 -0.0696432 0.12176
-0.3 -0.0856215 0.112159
-0.35 -0.101853 0.0853517
-0.4 -0.11963 0.0776851
-0.45 -0.138715 0.0662046
-0.5 -0.156828 0.0623906
-0.75 -0.265006 0.0481434
-1 -0.383431 0.0483958
-1.5 -0.594772 0.0450093
-2 -0.772147 0.0157607
-3 -0.884302 0.0119481
-4 -0.938399 0.00580258
