3 2
4 2.878
5 5.518
6 7.655
7 11.142
8 14.392
9 19.725
10 24.563
11 30.324
12 35.687
13 43.762
14 51.326
15 58.873
16 63.309
17 74.374
18 86.417
19 92.723
20 107.472
21 114.576
22 127.691
23 145.931
24 159.976
25 167.467
26 175.747
27 204.985
28 214.408
29 235.444
30 258.176
31 271.618
32 284.607
33 308.8
34 316.27
35 342.053
36 361.409
37 374.329
38 398.579
39 427.739
40 442.18
41 459.64
42 485.895
43 523.541
44 533.705
45 573.21
46 607.12
47 650.754
48 632.518
49 684.452
50 694.674
51 753.439
52 784.25
53 792.029
54 816.174
55 864.392
56 904.99
57 935.337
58 946.999
59 1022.1
60 1034
61 1046.82
62 1105.29
63 1057.52
64 1144.96
65 1195.6
66 1250.09
67 1245.02
68 1333.43
69 1334.16
70 1417.37
71 1458.13
72 1528.91
73 1558.05
74 1523.63
75 1643.68
76 1670.02
77 1704.93
78 1716.5
79 1755.66
80 1820.67
81 1929.84
82 1928.93
83 2048.09
84 2069.62
85 2104.69
86 2088.84
87 2158.45
88 2188.98
89 2212.68
90 2392.96
91 2473.71
92 2388.71
93 2436.78
94 2518.77
95 2615.82
96 2659.39
97 2637.24
98 2719.16
99 2761.3
