3 1
4 1
5 1
6 1
7 1
8 1
9 1
10 1
11 1
12 1
13 1
14 1
15 1
16 1
17 1
18 1
19 1
20 1
21 1
22 1
23 1
24 0.9997
25 0.9994
26 0.9995
27 0.9988
28 0.9981
29 0.9965
30 0.9965
31 0.9917
32 0.9896
33 0.988
34 0.984
35 0.9773
36 0.9735
37 0.9618
38 0.9551
39 0.948
40 0.9384
41 0.9281
42 0.9156
43 0.8985
44 0.8869
45 0.8724
46 0.8595
47 0.8424
48 0.8261
49 0.8097
50 0.7898
51 0.7744
52 0.7533
53 0.7397
54 0.7187
55 0.6916
56 0.6835
57 0.6677
58 0.6453
59 0.624
60 0.599
61 0.5833
62 0.5762
63 0.5599
64 0.5471
65 0.5169
66 0.4925
67 0.4851
68 0.4655
69 0.4524
70 0.4189
71 0.4007
72 0.4004
73 0.3869
74 0.3672
75 0.3532
76 0.3414
77 0.3179
78 0.3085
79 0.2968
80 0.2807
81 0.2737
82 0.2618
83 0.2452
84 0.2441
85 0.2249
86 0.2232
87 0.2136
88 0.1951
89 0.1842
90 0.1743
91 0.166
92 0.16
93 0.1541
94 0.1487
95 0.1363
96 0.1261
97 0.1273
98 0.1155
99 0.1118
