2.5e-05 5502.14
5e-05 1524.24
7.5e-05 287.315
0.0001 44.1149
0.000125 1.9804
0.00015 1.9777
0.000175 1.9785
0.0002 1.9784
0.000225 1.9799
0.00025 1.9797
0.000275 1.9817
0.0003 1.9793
0.000325 1.9785
0.00035 1.9827
0.000375 1.9799
0.0004 1.9791
0.000425 1.9794
0.00045 1.9796
0.000475 1.9783
0.0005 1.9801
0.000525 1.9812
0.00055 1.9769
0.000575 1.9812
0.0006 1.9791
0.000625 1.9797
0.00065 1.9815
0.000675 1.9787
0.0007 1.9812
0.000725 1.9782
0.00075 1.9807
0.000775 1.9818
0.0008 1.9795
0.000825 1.9814
0.00085 1.9796
0.000875 1.979
0.0009 1.9822
0.000925 1.9809
0.00095 1.981
0.000975 1.979
0.001 1.9825
0.001025 1.9798
0.00105 1.9777
0.001075 1.9792
0.0011 1.981
0.001125 1.9802
0.00115 1.9793
0.001175 1.9799
0.0012 1.9814
0.001225 1.98
0.00125 1.9807
0.001275 1.9824
0.0013 1.9804
0.001325 1.9805
0.00135 1.9776
0.001375 1.9791
0.0014 1.9803
0.001425 1.9801
0.00145 1.9818
0.001475 1.9798
0.0015 1.9799
0.001525 1.9808
0.00155 1.9812
0.001575 1.9799
0.0016 1.9814
0.001625 1.9799
0.00165 1.9789
0.001675 1.9812
0.0017 1.9798
0.001725 1.9803
0.00175 1.981
0.001775 1.9799
0.0018 1.9808
0.001825 1.9788
0.00185 1.9806
0.001875 1.9812
0.0019 1.9798
0.001925 1.9813
0.00195 1.979
0.001975 1.9771
0.002 1.9797
0.002025 1.9798
0.00205 1.9788
0.002075 1.9814
0.0021 1.9825
0.002125 1.9832
0.00215 1.9807
0.002175 1.979
0.0022 1.9802
0.002225 1.9784
0.00225 1.979
0.002275 1.9801
0.0023 1.9831
0.002325 1.9794
0.00235 1.981
0.002375 1.9816
0.0024 1.9812
0.002425 1.9802
0.00245 1.9793
0.002475 1.9804
0.0025 1.9782
0.002525 1.9793
0.00255 1.9818
0.002575 1.9823
0.0026 1.9818
0.002625 1.981
0.00265 1.9835
0.002675 1.9814
0.0027 1.9802
0.002725 1.9818
0.00275 1.9813
0.002775 1.9802
0.0028 1.9833
0.002825 1.9827
0.00285 1.9788
0.002875 1.9791
0.0029 1.9796
0.002925 1.9813
0.00295 1.9789
0.002975 1.9801
0.003 1.9804
0.003025 1.9788
0.00305 1.9797
0.003075 1.981
0.0031 1.9795
0.003125 1.9807
0.00315 1.9799
0.003175 1.9803
0.0032 1.9795
0.003225 1.9766
0.00325 1.9811
0.003275 1.9835
0.0033 1.978
0.003325 1.9799
0.00335 1.9794
0.003375 1.9798
0.0034 1.9806
0.003425 1.9772
0.00345 1.9797
0.003475 1.9774
0.0035 1.9807
0.003525 1.9809
0.00355 1.9789
0.003575 1.9813
0.0036 1.9801
0.003625 1.9818
0.00365 1.9796
0.003675 1.9799
0.0037 1.9799
0.003725 1.9802
0.00375 1.9797
0.003775 1.9795
0.0038 1.9808
0.003825 1.979
0.00385 1.9831
0.003875 1.9798
0.0039 1.9787
0.003925 1.9805
0.00395 1.981
0.003975 1.9809
0.004 1.9792
0.004025 1.9775
0.00405 1.979
0.004075 1.9787
0.0041 1.9802
0.004125 1.9778
0.00415 1.9793
0.004175 1.9789
0.0042 1.9808
0.004225 1.98
0.00425 1.9814
0.004275 1.9814
0.0043 1.9826
0.004325 1.9791
0.00435 1.9816
0.004375 1.9795
0.0044 1.9792
0.004425 1.9801
0.00445 1.9824
0.004475 1.9788
0.0045 1.9791
0.004525 1.9793
0.00455 1.9826
0.004575 1.9809
0.0046 1.9795
0.004625 1.982
0.00465 1.9803
0.004675 1.9823
0.0047 1.9798
0.004725 1.9823
0.00475 1.9811
0.004775 1.9798
0.0048 1.9793
0.004825 1.977
0.00485 1.9801
0.004875 1.9801
0.0049 1.9802
0.004925 1.9794
0.00495 1.9829
0.004975 1.9783
0.005 1.9802
0.005025 1.9819
0.00505 1.9803
0.005075 1.9796
0.0051 1.9828
0.005125 1.9793
0.00515 1.9783
0.005175 1.979
0.0052 1.9812
0.005225 1.9806
0.00525 1.9811
0.005275 1.9804
0.0053 1.9794
0.005325 1.9783
0.00535 1.9806
0.005375 1.9804
0.0054 1.9794
0.005425 1.9808
0.00545 1.9813
0.005475 1.9803
0.0055 1.9798
0.005525 1.9811
0.00555 1.9814
0.005575 1.9815
0.0056 1.9807
0.005625 1.9783
0.00565 1.9807
0.005675 1.981
0.0057 1.9797
0.005725 1.978
0.00575 1.9801
0.005775 1.9804
0.0058 1.9802
0.005825 1.975
0.00585 1.9785
0.005875 1.9778
0.0059 1.9804
0.005925 1.9807
0.00595 1.9788
0.005975 1.9783
0.006 1.9825
0.006025 1.9828
0.00605 1.981
0.006075 1.9809
0.0061 1.9815
0.006125 1.9817
0.00615 1.9823
0.006175 1.9815
0.0062 1.9808
0.006225 1.9815
0.00625 1.9808
0.006275 1.9814
0.0063 1.9801
0.006325 1.9782
0.00635 1.9823
0.006375 1.9807
0.0064 1.9798
0.006425 1.9797
0.00645 1.9789
0.006475 1.9831
0.0065 1.9831
0.006525 1.9819
0.00655 1.9795
0.006575 1.9804
0.0066 1.9816
0.006625 1.9796
0.00665 1.9814
0.006675 1.9791
0.0067 1.9798
0.006725 1.98
0.00675 1.9816
0.006775 1.9808
0.0068 1.9803
0.006825 1.9815
0.00685 1.9816
0.006875 1.9813
0.0069 1.9805
0.006925 1.9796
0.00695 1.9806
0.006975 1.9787
0.007 1.9807
0.007025 1.9777
0.00705 1.9811
0.007075 1.9803
0.0071 1.9791
0.007125 1.9823
0.00715 1.9776
0.007175 1.983
0.0072 1.9795
0.007225 1.9799
0.00725 1.9811
0.007275 1.9808
0.0073 1.9799
0.007325 1.9804
0.00735 1.9806
0.007375 1.9796
0.0074 1.9795
0.007425 1.9802
0.00745 1.98
0.007475 1.9806
0.0075 1.9789
0.007525 1.98
0.00755 1.9791
0.007575 1.9819
0.0076 1.9796
0.007625 1.9794
0.00765 1.9805
0.007675 1.9801
0.0077 1.9806
0.007725 1.9782
0.00775 1.9815
0.007775 1.9835
0.0078 1.9802
0.007825 1.9782
0.00785 1.9799
0.007875 1.9802
0.0079 1.9799
0.007925 1.9804
0.00795 1.9764
0.007975 1.9795
0.008 1.9787
0.008025 1.9826
0.00805 1.98
0.008075 1.9813
0.0081 1.9782
0.008125 1.9801
0.00815 1.9791
0.008175 1.982
0.0082 1.9809
0.008225 1.982
0.00825 1.9819
0.008275 1.9826
0.0083 1.9794
0.008325 1.9805
0.00835 1.9789
0.008375 1.98
0.0084 1.9803
0.008425 1.9801
0.00845 1.9806
0.008475 1.9799
0.0085 1.9837
0.008525 1.9803
0.00855 1.98
0.008575 1.9781
0.0086 1.9803
0.008625 1.979
0.00865 1.9815
0.008675 1.9789
0.0087 1.9777
0.008725 1.9811
0.00875 1.9785
0.008775 1.9788
0.0088 1.9806
0.008825 1.9792
0.00885 1.9779
0.008875 1.9821
0.0089 1.982
0.008925 1.9804
0.00895 1.9789
0.008975 1.9803
0.009 1.9803
0.009025 1.9811
0.00905 1.9794
0.009075 1.9808
0.0091 1.981
0.009125 1.9805
0.00915 1.9786
0.009175 1.9778
0.0092 1.9818
0.009225 1.9799
0.00925 1.9835
0.009275 1.9802
0.0093 1.9821
0.009325 1.981
0.00935 1.9809
0.009375 1.98
0.0094 1.979
0.009425 1.982
0.00945 1.98
0.009475 1.9796
0.0095 1.9819
0.009525 1.9802
0.00955 1.9778
0.009575 1.9796
0.0096 1.9821
0.009625 1.9804
0.00965 1.9819
0.009675 1.9808
0.0097 1.9798
0.009725 1.9791
0.00975 1.9789
0.009775 1.9793
0.0098 1.9804
0.009825 1.9784
0.00985 1.9814
0.009875 1.9823
0.0099 1.9809
0.009925 1.9808
0.00995 1.9814
0.009975 1.9801
0.01 1.9799
0.010025 1.979
0.01005 1.9793
0.010075 1.9793
0.0101 1.9818
0.010125 1.982
0.01015 1.983
0.010175 1.9774
0.0102 1.9814
0.010225 1.9802
0.01025 1.9808
0.010275 1.9793
0.0103 1.9798
0.010325 1.9785
0.01035 1.9808
0.010375 1.9797
0.0104 1.9791
0.010425 1.9797
0.01045 1.9798
0.010475 1.9809
0.0105 1.9781
0.010525 1.9814
0.01055 1.9813
0.010575 1.9765
0.0106 1.9809
0.010625 1.9815
0.01065 1.9816
0.010675 1.9814
0.0107 1.9808
0.010725 1.9809
0.01075 1.9807
0.010775 1.9806
0.0108 1.9812
0.010825 1.9823
0.01085 1.9808
0.010875 1.9809
0.0109 1.9812
0.010925 1.98
0.01095 1.978
0.010975 1.9789
0.011 1.982
0.011025 1.9802
0.01105 1.9813
0.011075 1.9778
0.0111 1.983
0.011125 1.9803
0.01115 1.9786
0.011175 1.9825
0.0112 1.981
0.011225 1.9809
0.01125 1.98
0.011275 1.9811
0.0113 1.982
0.011325 1.9793
0.01135 1.9802
0.011375 1.9786
0.0114 1.9819
0.011425 1.979
0.01145 1.9796
0.011475 1.9798
0.0115 1.9811
0.011525 1.9785
0.01155 1.9793
0.011575 1.9802
0.0116 1.9797
0.011625 1.9811
0.01165 1.9791
0.011675 1.9818
0.0117 1.9807
0.011725 1.9796
0.01175 1.9797
0.011775 1.9807
0.0118 1.9827
0.011825 1.9808
0.01185 1.9813
0.011875 1.9786
0.0119 1.9805
0.011925 1.9811
0.01195 1.9807
0.011975 1.9804
0.012 1.9787
0.012025 1.982
0.01205 1.9792
0.012075 1.9811
0.0121 1.9795
0.012125 1.9792
0.01215 1.9798
0.012175 1.9831
0.0122 1.9768
0.012225 1.9808
0.01225 1.9792
0.012275 1.9779
0.0123 1.9819
0.012325 1.9796
0.01235 1.9803
0.012375 1.9778
0.0124 1.9819
0.012425 1.9768
0.01245 1.9794
0.012475 1.9822
0.0125 1.9788
0.012525 1.9763
0.01255 1.981
0.012575 1.9811
0.0126 1.9801
0.012625 1.9805
0.01265 1.9801
0.012675 1.9799
0.0127 1.9809
0.012725 1.9794
0.01275 1.9816
0.012775 1.9792
0.0128 1.9816
0.012825 1.9781
0.01285 1.9809
0.012875 1.9805
0.0129 1.9811
0.012925 1.98
0.01295 1.979
0.012975 1.9808
0.013 1.9813
0.013025 1.9795
0.01305 1.9811
0.013075 1.9786
0.0131 1.9826
0.013125 1.98
0.01315 1.9803
0.013175 1.9796
0.0132 1.9825
0.013225 1.9811
0.01325 1.9816
0.013275 1.9804
0.0133 1.9802
0.013325 1.9804
0.01335 1.9791
0.013375 1.9809
0.0134 1.9823
0.013425 1.9802
0.01345 1.9791
