1e-08 147917
2e-08 47483.8
3e-08 12747.2
4e-08 1805.39
5e-08 1.993
6e-08 1.996
7e-08 1.994
8e-08 1.996
9e-08 1.994
1e-07 1.995
1.1e-07 1.995
1.2e-07 1.997
1.3e-07 1.996
1.4e-07 1.997
1.5e-07 1.996
1.6e-07 1.991
1.7e-07 1.998
1.8e-07 1.997
1.9e-07 1.996
2e-07 1.996
2.1e-07 1.999
2.2e-07 1.996
2.3e-07 1.995
2.4e-07 1.998
2.5e-07 1.994
2.6e-07 1.999
2.7e-07 1.997
2.8e-07 1.998
2.9e-07 1.998
3e-07 1.994
3.1e-07 1.996
3.2e-07 1.995
3.3e-07 1.997
3.4e-07 1.999
3.5e-07 1.997
3.6e-07 1.996
3.7e-07 1.998
3.8e-07 1.996
3.9e-07 1.998
4e-07 1.998
4.1e-07 1.996
4.2e-07 1.997
4.3e-07 1.995
4.4e-07 1.997
4.5e-07 1.998
4.6e-07 1.996
4.7e-07 1.997
4.8e-07 1.995
4.9e-07 1.996
5e-07 1.998
5.1e-07 1.998
5.2e-07 1.994
5.3e-07 1.997
5.4e-07 1.999
5.5e-07 1.994
5.6e-07 1.999
5.7e-07 1.996
5.8e-07 1.997
5.9e-07 1.997
6e-07 1.997
6.1e-07 1.998
6.2e-07 1.996
6.3e-07 1.997
6.4e-07 1.995
6.5e-07 1.995
6.6e-07 1.992
6.7e-07 1.996
6.8e-07 1.997
6.9e-07 1.995
7e-07 1.996
7.1e-07 1.994
7.2e-07 1.998
7.3e-07 1.994
7.4e-07 1.996
7.5e-07 1.997
7.6e-07 1.997
7.7e-07 1.996
7.8e-07 1.995
7.9e-07 1.994
8e-07 1.993
8.1e-07 1.998
8.2e-07 1.99
8.3e-07 1.997
8.4e-07 1.996
8.5e-07 1.994
8.6e-07 1.993
8.7e-07 1.998
8.8e-07 1.992
8.9e-07 1.995
9e-07 1.995
9.1e-07 1.997
9.2e-07 1.994
9.3e-07 1.997
9.4e-07 1.994
9.5e-07 1.994
9.6e-07 1.996
9.7e-07 1.996
9.8e-07 1.993
9.9e-07 1.996
1e-06 1.998
1.01e-06 1.995
1.02e-06 1.998
1.03e-06 1.996
1.04e-06 1.997
1.05e-06 1.993
1.06e-06 1.999
1.07e-06 1.995
1.08e-06 1.998
1.09e-06 1.997
1.1e-06 1.998
1.11e-06 1.995
1.12e-06 1.99
1.13e-06 1.994
1.14e-06 1.995
1.15e-06 1.994
1.16e-06 1.996
1.17e-06 1.995
1.18e-06 1.996
1.19e-06 2
1.2e-06 1.996
1.21e-06 1.998
1.22e-06 1.997
1.23e-06 1.996
1.24e-06 1.995
1.25e-06 1.997
1.26e-06 1.999
1.27e-06 1.998
1.28e-06 1.992
1.29e-06 1.998
1.3e-06 1.999
1.31e-06 1.999
1.32e-06 1.996
1.33e-06 1.994
1.34e-06 1.997
1.35e-06 1.991
1.36e-06 1.997
1.37e-06 1.997
1.38e-06 1.997
1.39e-06 1.995
1.4e-06 1.996
1.41e-06 1.995
1.42e-06 1.999
1.43e-06 1.994
1.44e-06 1.998
1.45e-06 1.998
1.46e-06 1.992
1.47e-06 1.992
1.48e-06 1.998
1.49e-06 1.997
1.5e-06 1.999
1.51e-06 1.997
1.52e-06 1.998
1.53e-06 1.998
1.54e-06 1.996
1.55e-06 1.999
1.56e-06 1.996
1.57e-06 1.996
1.58e-06 1.999
1.59e-06 1.996
1.6e-06 1.994
1.61e-06 1.998
1.62e-06 1.992
1.63e-06 1.998
1.64e-06 1.995
1.65e-06 1.996
1.66e-06 1.998
1.67e-06 1.994
1.68e-06 1.995
1.69e-06 1.997
1.7e-06 1.995
1.71e-06 1.997
1.72e-06 1.995
1.73e-06 1.995
1.74e-06 1.999
1.75e-06 1.996
1.76e-06 1.995
1.77e-06 1.993
1.78e-06 1.996
1.79e-06 1.997
1.8e-06 1.997
1.81e-06 1.994
1.82e-06 1.995
1.83e-06 1.994
1.84e-06 1.997
1.85e-06 1.995
1.86e-06 1.997
1.87e-06 1.996
1.88e-06 1.996
1.89e-06 1.996
1.9e-06 1.992
1.91e-06 1.997
1.92e-06 1.997
1.93e-06 1.998
1.94e-06 1.994
1.95e-06 1.996
1.96e-06 1.997
1.97e-06 1.994
1.98e-06 1.995
1.99e-06 1.998
2e-06 1.997
2.01e-06 1.999
2.02e-06 1.995
2.03e-06 1.997
2.04e-06 1.994
2.05e-06 1.998
2.06e-06 1.995
2.07e-06 1.996
2.08e-06 1.996
2.09e-06 1.997
2.1e-06 1.993
2.11e-06 1.995
2.12e-06 1.996
2.13e-06 1.996
2.14e-06 1.996
2.15e-06 1.996
2.16e-06 1.998
2.17e-06 1.998
2.18e-06 1.996
2.19e-06 1.997
2.2e-06 1.992
2.21e-06 1.996
2.22e-06 1.994
2.23e-06 1.995
2.24e-06 1.996
2.25e-06 1.995
2.26e-06 1.998
2.27e-06 1.996
2.28e-06 1.998
2.29e-06 1.998
2.3e-06 1.994
2.31e-06 1.996
2.32e-06 1.996
2.33e-06 1.992
2.34e-06 1.996
2.35e-06 1.995
2.36e-06 1.998
2.37e-06 1.998
2.38e-06 1.997
2.39e-06 1.998
2.4e-06 1.999
2.41e-06 1.998
2.42e-06 1.993
2.43e-06 1.996
2.44e-06 1.998
2.45e-06 1.994
2.46e-06 1.994
2.47e-06 1.996
2.48e-06 1.998
2.49e-06 1.996
2.5e-06 1.996
2.51e-06 1.997
2.52e-06 1.997
2.53e-06 1.998
2.54e-06 1.992
2.55e-06 1.994
2.56e-06 1.996
2.57e-06 1.998
2.58e-06 1.994
2.59e-06 1.994
2.6e-06 1.996
2.61e-06 1.995
2.62e-06 1.997
2.63e-06 1.998
2.64e-06 1.993
2.65e-06 1.997
2.66e-06 1.997
2.67e-06 1.998
2.68e-06 1.996
2.69e-06 1.996
2.7e-06 1.999
2.71e-06 1.999
2.72e-06 1.996
2.73e-06 1.999
2.74e-06 2
2.75e-06 1.996
2.76e-06 1.997
2.77e-06 1.997
2.78e-06 1.998
2.79e-06 1.997
2.8e-06 1.995
2.81e-06 1.996
2.82e-06 1.995
2.83e-06 1.995
2.84e-06 1.997
2.85e-06 1.998
2.86e-06 1.995
2.87e-06 1.998
2.88e-06 1.994
2.89e-06 1.997
2.9e-06 1.998
2.91e-06 1.998
2.92e-06 1.998
2.93e-06 1.998
2.94e-06 1.997
2.95e-06 1.999
2.96e-06 1.995
2.97e-06 1.997
2.98e-06 1.994
2.99e-06 1.994
3e-06 1.997
3.01e-06 1.995
3.02e-06 1.998
3.03e-06 1.994
3.04e-06 1.993
3.05e-06 1.997
3.06e-06 1.999
3.07e-06 1.995
3.08e-06 1.997
3.09e-06 1.999
3.1e-06 1.998
3.11e-06 1.996
3.12e-06 2
3.13e-06 1.995
3.14e-06 1.998
3.15e-06 1.997
3.16e-06 1.998
3.17e-06 1.995
3.18e-06 2
3.19e-06 1.998
3.2e-06 1.996
3.21e-06 1.994
3.22e-06 1.998
3.23e-06 1.997
3.24e-06 1.997
3.25e-06 1.997
3.26e-06 1.994
3.27e-06 1.996
3.28e-06 1.995
3.29e-06 1.995
3.3e-06 1.998
3.31e-06 1.995
3.32e-06 1.998
3.33e-06 1.991
3.34e-06 1.999
3.35e-06 1.996
3.36e-06 1.995
3.37e-06 1.999
3.38e-06 1.997
3.39e-06 2
3.4e-06 1.994
3.41e-06 1.991
3.42e-06 1.995
3.43e-06 1.998
3.44e-06 1.999
3.45e-06 2
3.46e-06 1.995
3.47e-06 1.995
3.48e-06 1.994
3.49e-06 1.998
3.5e-06 1.997
3.51e-06 1.996
3.52e-06 1.997
3.53e-06 1.994
3.54e-06 1.995
3.55e-06 1.995
3.56e-06 1.993
3.57e-06 1.995
3.58e-06 1.992
3.59e-06 1.995
3.6e-06 1.994
3.61e-06 1.997
3.62e-06 1.997
3.63e-06 1.995
3.64e-06 1.995
3.65e-06 1.996
3.66e-06 1.995
3.67e-06 1.997
3.68e-06 1.996
3.69e-06 1.997
3.7e-06 1.997
3.71e-06 1.993
3.72e-06 1.999
3.73e-06 1.995
3.74e-06 1.995
3.75e-06 1.994
3.76e-06 1.994
3.77e-06 1.999
3.78e-06 1.996
3.79e-06 1.995
3.8e-06 1.996
3.81e-06 1.998
3.82e-06 1.994
3.83e-06 1.997
3.84e-06 1.997
3.85e-06 1.996
3.86e-06 1.996
3.87e-06 1.996
3.88e-06 1.996
3.89e-06 1.995
3.9e-06 1.993
3.91e-06 2
3.92e-06 1.995
3.93e-06 1.997
3.94e-06 1.995
3.95e-06 1.995
3.96e-06 1.996
3.97e-06 1.997
3.98e-06 1.994
3.99e-06 1.997
4e-06 1.995
4.01e-06 1.997
4.02e-06 1.996
4.03e-06 1.995
4.04e-06 1.997
4.05e-06 1.997
4.06e-06 1.995
4.07e-06 1.991
4.08e-06 1.996
4.09e-06 1.996
4.1e-06 1.991
4.11e-06 1.998
4.12e-06 1.999
4.13e-06 1.999
4.14e-06 1.993
4.15e-06 1.991
4.16e-06 1.999
4.17e-06 1.996
4.18e-06 1.996
4.19e-06 1.997
4.2e-06 1.997
4.21e-06 1.998
4.22e-06 1.999
4.23e-06 1.995
4.24e-06 1.999
4.25e-06 1.997
4.26e-06 1.996
4.27e-06 1.995
4.28e-06 1.997
4.29e-06 1.995
4.3e-06 1.994
4.31e-06 1.996
4.32e-06 1.999
4.33e-06 1.996
4.34e-06 1.997
4.35e-06 1.998
4.36e-06 1.998
4.37e-06 1.999
4.38e-06 1.995
4.39e-06 1.996
4.4e-06 1.995
4.41e-06 1.995
4.42e-06 1.995
4.43e-06 1.994
4.44e-06 1.996
4.45e-06 1.997
4.46e-06 1.996
4.47e-06 1.996
4.48e-06 1.997
4.49e-06 1.994
4.5e-06 1.998
4.51e-06 1.997
4.52e-06 1.998
4.53e-06 2
4.54e-06 1.997
4.55e-06 1.995
4.56e-06 1.997
4.57e-06 1.991
4.58e-06 1.996
4.59e-06 1.992
4.6e-06 1.997
4.61e-06 1.999
4.62e-06 1.995
4.63e-06 1.994
4.64e-06 1.997
4.65e-06 1.993
4.66e-06 1.998
4.67e-06 1.997
4.68e-06 1.994
4.69e-06 1.997
4.7e-06 1.999
4.71e-06 1.997
4.72e-06 1.997
4.73e-06 1.994
4.74e-06 1.996
4.75e-06 1.996
4.76e-06 1.995
4.77e-06 1.995
4.78e-06 1.997
4.79e-06 1.993
4.8e-06 1.994
4.81e-06 1.997
4.82e-06 1.999
4.83e-06 1.997
4.84e-06 1.994
4.85e-06 1.999
4.86e-06 1.996
4.87e-06 1.995
4.88e-06 1.996
4.89e-06 1.997
4.9e-06 1.994
4.91e-06 1.994
4.92e-06 1.996
4.93e-06 1.996
4.94e-06 1.991
4.95e-06 1.992
4.96e-06 1.999
4.97e-06 1.994
4.98e-06 1.999
4.99e-06 1.995
