3 2
4 2.961
5 5.49
6 7.696
7 11.288
8 14.738
9 19.38
10 24.329
11 29.583
12 37.465
13 43.328
14 50.94
15 56.914
16 64.777
17 77.114
18 83.875
19 96.412
20 109.313
21 114.802
22 128.054
23 144.235
24 158.323
25 163.767
26 175.365
27 203.039
28 219.347
29 235.861
30 248.106
31 264.788
32 282.136
33 302.365
34 313.383
35 342.276
36 355.355
37 373.516
38 407.612
39 409.554
40 442.171
41 472.315
42 478.884
43 518.818
44 539.069
45 578.871
46 595.121
47 628.66
48 653.337
49 710.959
50 696.889
51 738.521
52 768.866
53 791.392
54 799.67
55 881.006
56 912.001
57 929.415
58 963.032
59 1020.81
60 1036.43
61 1058.5
62 1077.85
63 1105.82
64 1179.95
65 1182.02
66 1232.67
67 1281.79
68 1341.8
69 1320.56
70 1417.42
71 1518.37
72 1521.95
73 1570.02
74 1534.64
75 1668.39
76 1635.75
77 1721.87
78 1744.89
79 1741.03
80 1876.89
81 1916.36
82 1930.82
83 2094.21
84 2035.37
85 2077.57
86 2094.24
87 2138.96
88 2208.2
89 2294.43
90 2387.2
91 2430.59
92 2465.01
93 2411.17
94 2579.05
95 2631.09
96 2649.54
97 2594.88
98 2805.25
99 2818.78
100 2789.15
101 2982.01
102 2948.82
103 3082.86
104 3125.84
105 3019.48
106 3323.56
107 3419.96
108 3370.69
109 3371.49
110 3642.76
111 3541.53
112 3797.07
113 3757.26
114 3807.11
115 3822.85
116 3920.29
117 3882.52
118 4086.46
119 4213.03
120 3984.83
121 4328.71
122 4383.07
123 4429.37
124 4419.46
125 4705.45
126 4422.65
127 4694.97
128 4731.71
129 4723.18
130 4749.66
131 4905.3
132 4963.66
133 4972.22
134 5158.2
135 5159.33
136 5376.85
137 5313.66
138 5692.1
139 5542.73
140 5907.6
141 5712.49
142 5822.92
143 5895.52
144 5947.17
145 6155.54
146 6061.22
147 6033.36
148 6513.63
149 6497.23
150 6705.33
151 6318.69
152 6691.93
153 6846.62
154 6627.98
155 7258.19
156 7083.69
157 7210.31
158 7217.46
159 7230.08
160 7451.27
161 7517.5
162 7829.12
163 7546.63
164 7993.49
165 8143.11
166 8135.9
167 7971.91
168 7890.05
169 8284.8
170 8417.74
171 8548.78
172 8764.13
173 8547.81
174 8700.51
175 8927.85
176 9187.25
177 9177.84
178 8877.88
179 9115.95
180 9529.21
181 9619.51
182 9417.17
183 9467.69
184 9685.72
185 10145.6
186 10208.5
187 10013.1
188 10148.2
189 10339.6
190 10752.7
191 10846.7
192 10540.8
193 10827.4
194 10978
195 10848.5
196 10911.1
197 11395.5
198 11624.8
199 11616.4
200 11831.4
201 12044
202 11844.1
203 12083.6
204 12169.8
205 12486.5
206 12094.2
207 12519.4
208 12384.6
209 12353.8
210 12989.8
211 12967.3
212 13456.5
213 13492.2
214 13044.9
215 13453.2
216 13154.9
217 13567.1
218 14008.9
219 13688.2
220 14028.4
221 14036.7
222 13926.1
223 14832
224 15116.5
225 14893.6
226 14854.5
227 15115.7
228 15373.4
229 14739.2
230 15186.1
231 15497.6
232 15306.5
233 15575.6
234 15783.7
235 16530.1
236 16210.9
237 16235.1
238 16349.5
239 16430.2
240 16859.5
241 16660.7
242 17273
243 17023.6
244 17622.1
245 17526.2
246 18284.9
247 18085
248 17732.1
249 18091.7
250 18017.3
251 18522.9
252 17876.2
253 18838.6
254 18602.7
255 19656.9
256 19862.2
257 18685.4
258 20103.6
259 19866.4
260 20063.3
261 19265.5
262 20017.6
263 20007.8
264 20294.9
265 20399.5
266 19838.4
267 21127.7
268 21214.2
269 20538.5
270 21141.5
271 21608.6
272 21312.1
273 21206
274 23207.3
275 22733.5
276 22399
277 22555.5
278 22754
279 23628
280 22566.2
281 22510.8
282 23704.7
283 23911.7
284 23308.3
285 23696.7
286 23012.8
287 23835.5
288 24634.1
289 24407.3
290 24916
291 25146.2
292 24616.4
293 23526.4
294 25192.3
295 26463.8
296 25952.1
297 25664.8
298 26259.3
299 24982.7
300 25565.5
301 26142.8
302 26109.3
303 26085.3
304 27755
305 26502.3
306 26583
307 27631.1
308 28274.6
309 28052.3
310 28450.2
311 28390.5
312 29113
313 28728.3
314 27837.3
315 28810.1
316 29069.8
317 30134.6
318 29961.8
319 29764.4
320 29294.4
321 30251.1
322 30026.5
323 29231.9
324 30596.7
325 31970.4
326 31053.3
327 31622.5
328 31497.4
329 31412.2
330 32543.7
331 29950.5
332 32666.7
333 33003
334 32331.8
335 33288
336 33828.5
337 32834.7
338 35375
339 33273.2
340 33025
341 32940.7
342 34895.1
343 34520.3
344 35033.4
345 35359.7
346 36032.1
347 34329.7
348 35022.7
349 35194.9
350 35218.7
351 36279.9
352 37177.9
353 35901.9
354 36613.1
355 37494.7
356 36519.1
357 36872.9
358 38148.3
359 37290.4
360 37134.2
361 37988.7
362 38476.5
363 38123.5
364 39238
365 38753.8
366 39894.7
367 38799.6
368 41758.8
369 40162
370 37599.9
371 40653.8
372 39835.2
373 41671.6
374 40380.5
375 41009.4
376 42153.9
377 40819.3
378 44240.9
379 42076.2
380 42425.7
381 43817.5
382 42244
383 44297.3
384 42479.8
385 43817.6
386 42940.7
387 44960.7
388 42039
389 43480.1
390 44927.2
391 44218
392 44864.5
393 46382.8
394 46693.5
395 47139.5
396 47375.2
397 46133.8
398 46833.8
399 47578.1
400 48119.5
401 46999.7
402 46452.9
403 46745.5
404 47489.7
405 49268.9
406 48664
407 46718.3
408 49122.8
409 50422.9
410 49023.6
411 49387
412 48771.8
413 49566.1
414 49753
415 50832
416 48680.3
417 51091
418 51680.4
419 51671.6
420 49518
421 51510.9
422 53816.6
423 52093.6
424 51662.9
425 54464.8
426 52957.5
427 52845.4
428 55005.2
429 52171.8
430 53885.9
431 55585.8
432 54792.7
433 54368.3
434 56485.3
435 54969.4
436 56551.5
437 55169.9
438 54057.4
439 59772.7
440 54182.8
441 59038.5
442 57563.6
443 56299.9
444 58847.8
445 57498.2
446 60326.7
447 59158.5
448 57836
449 57665.9
450 58533.7
451 58333.9
452 59041.6
453 57040.1
454 59233.2
455 60755.7
456 60468.9
457 61373.1
458 60868.8
459 63079.4
460 61120.3
461 63260.6
462 60489.8
463 62762
464 65458.1
465 60736.7
466 67007.1
467 63703.2
468 62659.6
469 68447.2
470 65579.5
471 65975.4
472 65596.9
473 64425.4
474 66440.4
475 66920
476 65975.6
477 66063.1
478 68626.9
479 69077.9
480 69079.8
481 66247.3
482 74149.1
483 65242.9
484 67049.3
485 68964.4
486 71423
487 69233.4
488 69774.1
489 70249.3
490 70754.5
491 71587.7
492 70253.5
493 70016.4
494 72628.5
495 68459.4
496 73105.4
497 71794.8
498 72355.5
499 71766.4
500 74043.1
501 73553
502 76241.5
503 71763.4
504 75905.7
505 75255.2
506 78386
507 72461.1
508 76313.3
509 76379.3
510 78288.3
511 78322.8
512 79648.7
513 78054.1
514 76905.4
515 77878.9
516 80797.9
517 77602.7
518 77814.6
519 79829.2
520 78988.6
521 82387.3
522 78395.8
523 79624.6
524 82345.6
525 80223.4
526 82188.1
527 81871.3
528 84183.6
529 83359.3
530 83034.5
531 81973.1
532 83895.1
533 83838.5
534 83746.8
535 83666.7
536 84994.1
537 81893
538 86014.5
539 83939.8
540 84795.5
541 83493.3
542 89244.2
543 86497.3
544 83636.4
545 85794.5
546 88818.9
547 87357.2
548 88196.9
549 87555.1
550 86761.1
551 90524.6
552 89234.1
553 87926.7
554 90791.7
555 92467.8
556 87851.9
557 89449.3
558 94015.5
559 90431.7
560 90980.9
561 95615.7
562 90594.4
563 91861.8
564 95174.4
565 91205.7
566 93916.5
567 93379
568 91581.1
569 96871
570 95253.8
571 92753.1
572 97771.8
573 94622.3
574 97438.5
575 96007.3
576 98638
577 95400.1
578 97022.4
579 96992.5
580 94351.1
581 98381.9
582 105384
583 104066
584 100438
585 99581.9
586 96103.8
587 102271
588 99688
589 103454
590 101804
591 99924.7
