3 2
4 2.9924
5 5.4666
6 7.679
7 11.5653
8 14.5536
9 19.3946
10 24.0592
11 29.9703
12 35.74
13 43.1088
14 50.5873
15 58.4721
16 67.0154
17 76.233
18 84.8094
19 96.1844
20 107.355
21 117.163
22 131.435
23 142.22
24 157.057
25 170.216
26 183.974
27 202.022
28 215.665
29 231.211
30 245.065
31 267.085
32 282.115
33 305.883
34 321.623
35 344.058
36 358.01
37 381.581
38 402.996
39 429.31
40 445.579
41 466.104
42 501.202
43 518.037
44 544.278
45 575.849
46 592.165
47 629.76
48 645.106
49 684.842
50 714.026
51 746.051
52 766.448
53 804.667
54 824.6
55 866.356
56 890.728
57 931.929
58 962.647
59 989.685
60 1020.13
61 1050.81
62 1099.97
63 1133.48
64 1154.57
65 1210.99
66 1245.06
67 1287.21
68 1322.96
69 1355.36
70 1412.8
71 1460.67
72 1477.79
73 1531.61
74 1556.43
75 1627.29
76 1650.71
77 1708.27
78 1749.2
79 1769.87
80 1836.34
81 1864.56
82 1917.92
83 1927.25
84 2002.49
85 2056.17
86 2110.8
87 2162.57
88 2217.7
89 2240.05
90 2295.2
91 2335.11
92 2395.2
93 2414.44
94 2482.68
95 2551.27
96 2586.67
97 2626.91
98 2658.29
99 2722.23
